data/contrast_curves/PAPLC_HiCAT.csv
# %ECSV 1.0
# ---
# datatype:
# - {name: x, datatype: float64}
# - {name: y, datatype: float64}
# meta: !!omap
# - {courtesy: Emiel Por}
# - {testbed: HiCAT (in air)}
# - {url: --}
# - {reference: Por et al 2023 in prep}
# - {color: magenta}
# - {pupil: segmented}
# - {ls: --}
# - {wl: 660}
# - {bp_pct: '10'}
# - {DM: 1 BMC}
# - {coronagraph: PAPLC}
# schema: astropy-2.0
x y
2.25 8.492245342495153e-07
2.3500000000000005 5.638141260533303e-07
2.45 4.1633833802734443e-07
2.55 3.4118087910428585e-07
2.6500000000000004 3.1154084467743814e-07
2.75 2.8102164151277975e-07
2.8500000000000005 2.6699888167058816e-07
2.95 2.4719977886888955e-07
3.05 2.3291305240036309e-07
3.1500000000000004 2.000841448079882e-07
3.25 1.8835662274341303e-07
3.3500000000000005 1.7334271262825496e-07
3.45 1.6074737629878655e-07
3.55 1.5087701399352227e-07
3.6500000000000004 1.4547822502208874e-07
3.75 1.331628425305098e-07
3.8500000000000005 1.2738180998894677e-07
3.95 1.1550957168537934e-07
4.050000000000001 1.0496389535319395e-07
4.15 9.460276828576752e-08
4.25 8.62814175661697e-08
4.35 7.650459821206823e-08
4.45 7.156458536883292e-08
4.550000000000001 6.863999857387171e-08
4.65 6.777358407816791e-08
4.75 7.011382052724002e-08
4.8500000000000005 6.933122875807385e-08
4.95 6.793313644948284e-08
5.050000000000001 7.00140105891478e-08
5.15 6.5409686555995e-08
5.25 6.284040665605062e-08
5.3500000000000005 5.8967639660068016e-08
5.45 5.463056140797562e-08
5.550000000000001 4.9814548930271485e-08
5.65 4.486818738769216e-08
5.75 4.292431654562279e-08
5.8500000000000005 4.005006104534914e-08
5.95 3.9038248189626756e-08
6.050000000000001 3.7619294346313836e-08
6.15 3.791251401707996e-08
6.25 3.735194198384306e-08
6.3500000000000005 3.638856327370377e-08
6.45 3.705786610908035e-08
6.550000000000001 3.4516901337156014e-08
6.65 3.3932234799749494e-08
6.75 3.265416737008309e-08
6.8500000000000005 3.1692344748535106e-08
6.95 3.077232690884557e-08
7.050000000000001 3.0068378009673324e-08
7.15 2.978693025568191e-08
7.25 2.8922773509520994e-08
7.3500000000000005 2.9209882512759577e-08
7.45 2.811533406088529e-08
7.550000000000001 2.8679309593826474e-08
7.65 2.743659521797781e-08
7.75 2.760835648984994e-08
7.8500000000000005 2.7254689172195867e-08
7.95 2.773589180549152e-08
8.05 2.7368201926947222e-08
8.15 2.7525191015342898e-08
8.25 2.902564766316118e-08
8.350000000000001 2.7465935303894184e-08
8.45 2.794984865772676e-08
8.55 2.659185582842838e-08
8.65 2.6154413745871352e-08
8.75 2.3899422885165222e-08
8.850000000000001 2.285778677446615e-08
8.95 2.1412835948808606e-08
9.05 1.9420976826722836e-08
9.15 1.838633778561416e-08
9.25 1.7225371351514696e-08
9.350000000000001 1.7095764803798374e-08
9.45 1.651353720433235e-08
9.55 1.6705341110423433e-08
9.650000000000002 1.630754731252182e-08
9.75 1.6303943084494676e-08
9.850000000000001 1.5735063030319907e-08
9.95 1.5390599017450768e-08
10.05 1.5070765968516753e-08
10.150000000000002 1.3680852894992768e-08
10.25 1.3592001302242807e-08
10.350000000000001 1.2993097264768494e-08
10.45 1.2859978859580679e-08
10.55 1.2726092180059823e-08
10.650000000000002 1.2929878501211078e-08
10.75 1.3027572798307574e-08
10.850000000000001 1.29645858493177e-08
10.95 1.3049522351593623e-08
11.05 1.260895743371293e-08
11.150000000000002 1.2260639614680713e-08
11.25 1.148532824402082e-08
11.350000000000001 1.142088024153054e-08
11.45 1.1075360184520378e-08
11.55 1.1071202621337761e-08
11.650000000000002 1.1144002165508482e-08
11.75 1.1549893486062501e-08
11.850000000000001 1.1929541798849641e-08
11.95 1.205829480710463e-08
12.05 1.2108482216888206e-08
12.150000000000002 1.1873488858782366e-08
12.25 1.1580293168833578e-08
12.350000000000001 1.1180238068675408e-08
12.45 1.1111661812890361e-08
12.55 1.0851652021415248e-08
12.650000000000002 1.1054515525188435e-08
12.75 1.1838126923180425e-08
12.850000000000001 1.2565614326831565e-08
12.95 1.417760309152527e-08
